results during training:(on test)
1. adamw lr=0.01

Epochs    mAP%
1         4.13
2         7.99
3         18.06
4         24.08
5         30.42
6         31.89
7         36.90
8         39.15
9         45.09
10        39.62
11        46.64
12        47.51
13        46.81
14        47.51
15        47.13
16        48.53
17        48.44
18        47.72
19        48.00
20        47.84


2. adamw lr=0.001 full train

Epochs    mAP%
1         0.35
5         19.93
15        ?
20        49.33
25        47.95
30        48.84
35        49.09


3. adamw lr=0.0001 full train
Epochs    mAP%
1         ?
5         ?
10        24.82
15        31.99
20        37.30
25        36.50
30        37.28
35        37.77


4. adamw lr=0.001 full train  anchor4
Epochs    mAP%
1         3.05
5         31.27
10        45.78
15        55.01
20        55.98
25        54.16
30        53.61
35        52.89


5. adamw lr=3e-4 part train(include night situation) anchor5(with k-means)
Epochs    mAP%
1         0
5         20.99
10        32.92
15        43.89
20        46.09
25        46.26
30        46.64
35        45.48


6. adamw lr=3e-4 part train(include night situation) anchor3 !with pretrained darknet
Epochs    mAP     R       P
1         5.05    5.06    86.78
5         37.72   39.42   83.78
10        49.02   51.64   81.41
15        54.78   57.44   81.23
20        55.73   58.43   81.48
25        56.10   58.55   80.87
30        54.90   57.86   85.48
35        54.60   56.31   86.83
40        54.83   56.59   86.46
45        54.90   56.69   86.21
50        55.02   56.80   86.52

7. adamw lr=3e-4 part train (include night situation) anchor3 !swin-T with pretrained
Epochs    mAP     R       P
1         1.05    3.08    78.22
5         37.65   45.34   79.52
10        46.48   52.30   84.40
15        51.23   53.10   87.70
20        57.28   59.80   83.90
25        57.91   62.70   82.60
30        57.30   59.80   86.70
35        56.34   59.40   89.30
40        56.62   59.30   86.62


8. adamw(weight_decay 1e-2) lr=1e-4 part train (include night situation) anchor3 !swin-T with pretrained
Epochs    mAP     R       P
1         0.11    6.9     1.85
3         13.80   34.28   89.10
6         33.10   34.28   89.10
9         42.84   44.64   86.34
12        49.17   51.62   83.83
15        54.03   56.91   82.92
18        54.87   57.92   80.86
21        57.29   60.10   82.59
24        57.06   59.77   83.27
27        58.87   62.24   79.69
30        58.10   61.10   79.66
33        57.26   59.93   81.96
36        56.40   58.83   83.37
39        56.45   58.87   83.23  

best mAP:  [0.58876426]
best Recall:  [0.62246235]


9. adamw(weight_decay 1e-2) lr=3e-4 part train (include night situation) anchor3 !swin-T with pretrained
Epochs    mAP     R       P
1         1.29    2.25    1.27
3         18.93   19.55   91.87
6         39.15   40.74   87.74
9         48.31   51.09   81.29
12        49.37   52.00   81.54
15        54.63   57.47   82.39
18        55.09   58.58   80.30
21        57.22   60.31   81.39
24        57.31   60.30   82.09
27        58.51   61.42   81.42
30        56.90   59.56   82.26
33        58.70   61.34   83.18
36        57.74   60.14   84.26
39        57.41   59.77   84.68
best mAP:  [0.58704801]
best Recall:  [0.61421614]



